1.195942459383017020e-01 8.074401551640625341e-01 6.323058305935794765e-01 7.616196153287175807e-01 9.296976523425730665e-01 5.612771975694962334e-01 3.688694735453279527e-02
0.000000000000000000e+00 9.624472949421112311e-01 2.897514529137680261e-01 3.232029320207552292e-01 7.404465173409036094e-02 9.075664739260930203e-01 4.722149251619492949e-01
0.000000000000000000e+00 7.132447872229950026e-01 3.180034749718638754e-01 5.147875124998935181e-02 1.078914269933044512e-01 0.000000000000000000e+00 0.000000000000000000e+00
9.717820827209606716e-01 5.107473025775657316e-01 5.393422419156507219e-01 0.000000000000000000e+00 8.180147659224931145e-01 9.429097039125191593e-01 8.607305832563434400e-01
3.584657285442726105e-01 0.000000000000000000e+00 5.227328293819940574e-01 0.000000000000000000e+00 8.872127425763265407e-01 2.786464642366114353e-01 0.000000000000000000e+00
8.714605901877177097e-01 0.000000000000000000e+00 0.000000000000000000e+00 7.607850486168974413e-01 6.232981268275579190e-01 5.085706911647027706e-01 4.972485058923854506e-01
3.008783098167696624e-01 3.143559810763266738e-01 2.517822958253641552e-01 5.026790232288614879e-01 1.865700588860358389e-01 0.000000000000000000e+00 0.000000000000000000e+00
2.279351625419416827e-01 0.000000000000000000e+00 8.925589984899777729e-01 6.375574713552131234e-01 0.000000000000000000e+00 0.000000000000000000e+00 7.709671799545609883e-01
3.376151714036279561e-01 3.636296023792939813e-01 7.712703466859457402e-01 1.612212872540044195e-01 2.848404943774676124e-01 6.095643339798968441e-01 6.335297107608947043e-01
7.697990982879299171e-02 1.198653673336828041e-01 2.420552715115004139e-01 7.282163486118595763e-01 7.296061783380640708e-01 4.174110031487789918e-01 8.960912999234932341e-01
3.109823217156622022e-01 3.308980248526491863e-01 8.631034258755935218e-01 6.721355474058785529e-01 0.000000000000000000e+00 3.142918568673425117e-02 0.000000000000000000e+00
6.355835028602363490e-02 6.952130531190703344e-03 4.271077886262563128e-01 5.357746840747584782e-01 3.677831327192532251e-01 4.937955963643907431e-01 8.036720768991144626e-01
4.275410183585496293e-01 8.081203795644169574e-01 3.251833220267470459e-01 0.000000000000000000e+00 2.395618906669724213e-01 0.000000000000000000e+00 4.894527602775630148e-01
5.187906217433660983e-01 0.000000000000000000e+00 2.287981654916224628e-01 1.448948720912230925e-01 2.492922291488749442e-01 8.353024955892379699e-01 9.856504541106007045e-01
0.000000000000000000e+00 7.555511385430486726e-01 9.082658859666536966e-01 6.364104112637803956e-01 7.030189588951778479e-01 2.221078104707302492e-01 1.100519245276767588e-01
4.103829230356297320e-01 2.541912674409518846e-02 1.158690595251297140e-01 9.028977005440830261e-02 6.334037565104234657e-01 2.376375439923996691e-01 0.000000000000000000e+00
