-0.501288 -0.123998 -0.260298 0.735255 -0.231079 -0.539098 0.111462 
0.0630427 -0.217743 -0.274361 -0.579025 0.994752 -0.59264 -0.179101 
0.0514742 -0.177786 -0.224015 -0.472772 0.812212 -0.483889 -0.146235 
0.864092 0.302297 -0.561771 -0.953749 -0.149484 -0.415693 -0.0958364 
-0.146788 -0.0496706 -0.291303 0.190143 -0.0811204 -0.0891109 0.093679 
0.0242257 -0.0187467 0.345349 -0.106382 -0.0747631 -0.415842 0.0522648 
0.353661 0.0827628 -0.247759 -0.250374 -0.144554 -0.228163 -0.0089174 
-0.389754 -0.102407 -0.540133 0.77173 -0.436358 -0.382979 0.137955 
-0.170773 -0.121872 -0.282556 0.165885 -0.034973 -0.118738 0.145173 
-0.159022 -0.0233048 0.669457 -0.180736 0.0169953 -0.553319 0.0565746 
0.988546 0.280572 -0.669714 -0.785215 -0.323225 -0.541267 -0.00234422 
0.139914 -0.0396104 -0.174023 0.139376 -0.304293 -0.556396 0.0601423 
-0.179103 -0.364247 -0.438232 -0.420567 1.1718 -0.661864 0.263703 
-0.301013 -0.19017 -0.2105 0.437286 0.00605301 -0.44582 0.0665536 
-0.233323 0.0151528 -0.189541 0.261142 -0.135899 -0.104498 0.0529654 
-0.190967 -0.0904497 -0.164089 0.34108 -0.12326 -0.191508 0.0707494 
0.030181 0.0414332 0.438698 -0.220752 0.00625001 -0.450652 0.0097791 
-0.462988 -0.1941 -0.333801 0.754589 -0.246133 -0.440818 0.181129 
-0.0448126 0.764662 -0.690519 -0.480732 -0.517511 0.185818 -0.233816 
-0.837412 -0.132283 -0.622152 1.05697 -0.374657 -0.438872 0.25511 
-0.154138 0.0649059 -0.179542 0.00748175 -0.0371163 0.140811 -0.0528264 
-0.398539 0.0482399 -0.450855 0.380886 -0.227065 0.0473471 0.0438618 
0.00974176 -0.182276 -0.33358 -0.307932 0.708937 -0.282186 -0.0712852 
-0.412662 -0.860819 -1.26386 0.748457 0.225874 -2.11578 1.69311 
-0.40096 -0.168095 -0.28908 0.653493 -0.213157 -0.38176 0.156862 
-0.162306 -0.107344 -0.229503 0.327151 -0.102772 -0.159028 0.0559944 
-0.00792281 -0.0831396 -0.267105 -0.0430269 -0.0451094 -0.409845 0.454131 
-0.240141 -0.167574 -0.277886 0.436029 -0.0596712 -0.256704 0.142427 
-0.0581099 0.00741904 1.16822 -0.296192 -0.028529 -0.985748 -0.0536715 
-0.811841 -0.555611 -0.689405 -0.0232554 1.84451 -1.20468 0.00776401 
-0.0695336 -0.0874112 -0.0753545 0.230487 -0.144231 -0.23145 0.0776976 
-0.211563 -0.1646 -0.374852 0.12918 -0.293889 -1.09176 0.97251 
0.20705 0.0858542 -0.34989 -0.252149 -0.0642533 -0.211057 0.0756043 
0.0067656 -0.0299274 -0.149613 -0.130202 0.205683 -0.0727315 -0.0255116 
-0.0560829 -0.00229845 1.12408 -0.225377 -0.133676 -0.964886 -0.0281104 
0.400118 -0.00508445 -0.13126 -0.401547 0.0234663 -0.411232 0.0703996 
-0.0668662 0.22505 -0.201474 -0.0987726 -0.161319 0.0610706 -0.031551 
-0.0175782 0.0469689 -0.294477 -0.11064 -0.0216366 0.187732 -0.131114 
-0.113486 -0.0853395 -0.185607 -0.0963502 0.378213 -0.216445 -0.0345088 
0.00843661 -0.157856 -0.288889 -0.266677 0.613958 -0.24438 -0.0617348 
