0.497897 0.236981 -0.218179 0.250824 -0.131792 -0.0838844 -0.183615 -0.161189 0.389649 0.0786801 0.412626 0.350678 -0.0048732 -0.171018 -0.142277 0.425326 
0.0605655 0.439119 0.0151336 -0.0611593 0.00572532 0.285625 0.210826 0.285763 0.2222 0.0534176 0.218965 0.0339467 0.0572884 0.218111 0.252975 0.0261669 
0.180552 0.405892 -0.0891712 0.0862101 0.0122889 0.167901 0.21964 0.352757 0.244151 0.107074 0.230168 -0.0286533 0.00744603 0.264589 0.103276 -0.0526238 
0.0310753 0.218335 0.0945811 0.125566 0.206042 0.0834793 0.155208 0.339604 -0.0175802 0.318018 -0.00265836 0.0731781 0.197728 0.185936 0.0559353 -0.00668762 
0.242809 0.0249401 0.169011 0.276382 0.0605024 0.117817 0.0680781 0.225922 0.25879 0.0518222 0.30163 0.308596 0.026511 0.0988451 -0.0408128 0.209068 
0.485164 0.363306 0.0246723 0.0896733 0.0473434 -0.0340029 0.0298419 0.048085 0.00206058 0.0713601 0.0521653 -0.0181349 0.304077 0.0316819 0.282651 -0.0148693 
0.0748941 0.197804 0.0465435 0.220147 0.222607 0.0210888 0.132579 0.315253 0.0370115 0.319651 0.023951 0.0771383 0.190484 0.162214 -0.0300138 0.0544071 
0.217466 0.0356589 -0.00114097 0.225045 0.00917141 0.00208768 -0.0606782 0.0955897 0.167759 0.0904209 0.197147 0.264531 -0.00322774 -0.0510822 -0.100081 0.211356 
0.238286 0.0426385 0.15692 0.196458 0.0381593 0.0967468 0.0899759 0.164999 0.157239 -0.0125154 0.207329 0.183794 0.0169039 0.084212 0.0517243 0.0732184 
0.631111 0.427774 0.0287688 -0.148211 -0.205628 0.0695329 -0.053062 0.0303043 -0.0478998 -0.299983 -0.0544256 -0.0527466 0.290297 -0.0439705 0.497968 -0.167824 
0.0019896 0.312695 0.0786043 0.300368 0.406598 0.0319304 0.221759 0.461546 0.00935144 0.458507 0.0109764 0.113267 0.284957 0.26931 -0.0354242 0.0651253 
0.302046 0.23115 -0.0393399 0.25578 0.112244 -0.0437333 0.0546533 0.126434 0.128295 0.199165 0.163028 0.140811 0.170784 0.077256 -0.0031049 0.119717 
-0.133573 0.49494 -0.109503 -0.129182 -0.0185029 0.511574 0.660888 0.307923 0.627001 -0.276532 0.669809 -0.337482 -0.0160862 0.648906 0.673613 -0.156968 
0.284596 0.184502 -0.0352348 0.159944 -0.0272761 0.020523 0.021412 0.107288 0.263354 0.0360331 0.281561 0.157539 0.0225319 0.0502091 0.0380639 0.164426 
0.230714 0.0774424 0.096018 0.154727 -0.0180691 0.0778651 -0.0687676 0.0504697 0.202005 0.0431721 0.21641 0.322839 0.0214372 -0.0617336 -0.0197796 0.261942 
0.30826 0.0930911 -0.0242466 0.266146 -0.0182472 -0.00888814 -0.0230729 0.066262 0.245545 0.0389525 0.282764 0.27791 -0.0297741 -0.0144472 -0.0646344 0.216241 
0.453181 0.479699 -0.0318713 -0.0368408 0.0339606 0.0295065 0.0516639 0.0445137 -0.00575695 0.0647936 -0.0109294 -0.0407513 0.351763 0.0366327 0.358645 -0.0137193 
0.29373 0.0961518 -0.0063075 0.251588 0.00592688 0.0393718 0.00481627 0.0711356 0.3192 0.0749311 0.350909 0.29077 0.00575187 0.00412044 0.00114644 0.30111 
-0.420194 0.391059 0.755056 -0.164054 0.407991 0.644406 -0.19024 0.75043 -0.241638 0.705071 -0.36911 0.742181 0.426587 -0.163266 -0.0909332 0.57639 
0.274744 0.0442709 0.0578782 0.170433 -0.053681 0.0336894 -0.0726797 0.0398982 0.226136 0.0108661 0.336079 0.342398 -0.00817218 -0.0973457 -0.0537531 0.269973 
0.129132 0.0526597 0.205115 0.0276815 -0.049296 0.218701 -0.0817407 0.251499 0.0641598 0.00975514 0.0750708 0.274249 -0.00179635 -0.0745902 -0.0254411 0.0593809 
0.178693 0.01707 0.116593 0.141648 -0.0856554 0.11415 -0.0616651 0.197526 0.143054 -0.00586827 0.153395 0.354039 -0.0748422 -0.0625851 -0.0423434 0.19659 
0.00584135 0.318577 -0.0560448 0.0642656 0.00289145 0.204564 0.257922 0.385019 0.231304 0.0273954 0.258675 -0.0537766 -0.026025 0.27629 0.115934 -0.11688 
0.409739 0.0169361 0.130623 0.477101 0.283172 -0.0690839 0.40106 -0.0282621 0.565757 -0.0577563 0.589225 0.13042 0.185775 0.452369 0.346909 0.328926 
0.444221 0.0437286 -0.00376775 0.264956 -0.0404316 -0.0498528 -0.0557341 -0.0108539 0.278152 -0.00136364 0.326653 0.270704 0.0027721 -0.0568127 -0.0163895 0.234938 
0.221279 0.072948 0.00705115 0.274519 -0.0152148 0.0142636 -0.0221866 0.159073 0.226528 0.0425039 0.262333 0.242277 -0.0215418 -0.00270954 -0.0912057 0.157532 
0.233468 0.00798004 0.307373 0.331535 0.276776 0.0283088 0.353583 0.0349644 0.213685 -0.0159525 0.279207 0.122558 0.273183 0.295335 0.323992 0.152906 
0.230942 0.044766 -0.0274742 0.290817 -0.0544261 -0.00529003 0.0051794 0.076883 0.332849 -0.0199551 0.361226 0.226437 -0.0740995 0.0630079 -0.0589594 0.2095 
0.500833 0.472438 -0.0715105 -0.0285744 -0.0478234 -0.0255914 -0.0370521 0.034736 -0.0789416 -0.0214385 -0.100107 -0.0728209 0.286687 -0.0499696 0.28612 -0.109973 
0.0804993 0.807456 -0.572282 -0.228208 -0.604552 0.581637 0.293885 0.245646 0.993109 -0.413027 0.958563 -0.0425379 -0.518356 0.386425 0.378686 0.0951734 
0.369565 0.124224 -0.0739762 0.331104 0.0552711 -0.122639 -0.000184473 -0.00849599 0.190961 0.106861 0.23682 0.140486 0.0681619 0.0148985 -0.0239197 0.15639 
0.338439 0.065317 0.198429 0.278351 0.175926 0.0333265 0.206096 0.0387245 0.175364 -0.0346651 0.213421 0.13919 0.259206 0.182603 0.280605 0.188628 
0.081692 0.206288 0.181908 0.214272 0.225748 0.138532 0.194248 0.335505 0.101947 0.224935 0.111066 0.143985 0.202068 0.212456 0.0592528 0.106657 
-0.0340331 0.298101 0.0647199 0.0272863 0.0437837 0.278825 0.211704 0.37711 0.242822 0.0878986 0.230776 0.0606761 -0.0014886 0.257431 0.158134 0.0213225 
0.527741 0.417861 -0.0402696 -0.0153666 -0.0411703 -0.0398087 -0.0732602 0.0146385 -0.0627102 0.0228826 -0.0555089 -0.00114079 0.295814 -0.0729297 0.24766 -0.0534212 
0.18392 0.282736 0.0381369 0.191537 0.19404 0.0673418 0.222499 0.297278 0.0341631 0.199663 0.0557989 0.00109988 0.236152 0.210333 0.126776 -0.00336429 
-0.0920827 0.124147 0.34664 -0.0352722 0.159859 0.280897 -0.069157 0.257844 0.000591671 0.229797 -0.0213998 0.392472 0.176711 -0.0845193 0.0361553 0.297968 
0.101415 0.110886 0.192528 0.120302 -0.000664196 0.168872 0.0193188 0.392345 0.045505 0.0827541 0.0478358 0.204851 -0.0393558 0.0439851 -0.0249509 -0.0035995 
0.0794888 0.366981 0.0103609 0.0201897 -0.0263289 0.275399 0.175301 0.300263 0.332082 0.0445939 0.345396 0.0666474 -0.00909265 0.202467 0.213737 0.0837566 
-0.0501263 0.292963 0.00587962 -0.053967 -0.01617 0.231821 0.156868 0.24492 0.261729 0.0199603 0.267904 0.0344675 -0.00941843 0.175828 0.145478 0.0657449 
