-0.881518 -1.18866 1.6307 1.35019 -1.12916 -1.09812 0.130097 
0.729561 0.522685 1.67317 -1.27992 1.20721 -1.41089 -1.67304 
-1.15366 0.901508 -1.04392 -0.818605 -1.08452 1.52098 0.902446 
1.27126 -1.2804 -1.02539 1.4848 -1.51371 -0.778069 1.36207 
1.53056 0.841717 -1.40013 -1.35801 -1.36777 -1.31793 0.990113 
-1.35162 0.688122 -0.956783 -1.20643 1.32894 1.4628 -0.836083 
1.34159 -0.739323 -1.08876 -1.44683 1.5635 -1.06449 1.4344 
1.07535 -0.100371 -1.25258 -1.24044 0.789286 1.43493 -1.31911 
-1.2789 -0.718291 -1.10304 1.51676 1.25108 -1.10541 0.382338 
1.58357 1.10993 -1.11517 -1.21109 -1.47542 -0.772467 -1.39641 
-1.54701 -1.27706 -1.23707 1.60331 1.12554 -1.18191 0.501478 
-1.30521 1.02285 -1.33157 1.28355 -1.60434 1.20292 -0.128386 
0.951244 1.32082 1.32983 -0.948848 -1.60294 -1.41403 1.06942 
1.28032 -0.891563 -1.27311 -1.10607 1.37969 -1.03646 0.949376 
-1.15148 -0.0417801 1.36839 -1.2191 1.29405 -1.39602 1.24822 
-1.38301 1.53749 -1.16967 1.39249 -1.2737 -1.22913 0.552286 
