-0.125322 -0.0309995 -0.0650745 0.183814 -0.0577697 -0.134774 0.0278654 
0.0262678 -0.0907262 -0.114317 -0.241261 0.41448 -0.246933 -0.0746252 
0.0214476 -0.0740776 -0.0933396 -0.196988 0.338422 -0.20162 -0.0609312 
0.432046 0.151149 -0.280886 -0.476875 -0.0747422 -0.207847 -0.0479182 
-0.0209697 -0.0070958 -0.0416147 0.0271632 -0.0115886 -0.0127301 0.0133827 
0.00484513 -0.00374934 0.0690698 -0.0212764 -0.0149526 -0.0831684 0.010453 
0.0707321 0.0165526 -0.0495518 -0.0500748 -0.0289108 -0.0456327 -0.00178348 
-0.194877 -0.0512033 -0.270066 0.385865 -0.218179 -0.191489 0.0689776 
-0.0426932 -0.0304679 -0.070639 0.0414714 -0.00874324 -0.0296845 0.0362931 
-0.0397556 -0.0058262 0.167364 -0.0451841 0.00424883 -0.13833 0.0141436 
0.329515 0.0935239 -0.223238 -0.261738 -0.107742 -0.180422 -0.000781407 
0.046638 -0.0132035 -0.0580077 0.0464587 -0.101431 -0.185465 0.0200474 
-0.0358207 -0.0728493 -0.0876465 -0.0841134 0.23436 -0.132373 0.0527406 
-0.100338 -0.0633901 -0.0701666 0.145762 0.00201767 -0.148607 0.0221845 
-0.0388872 0.00252547 -0.0315902 0.0435237 -0.0226498 -0.0174163 0.00882757 
-0.0318278 -0.0150749 -0.0273482 0.0568466 -0.0205434 -0.031918 0.0117916 
0.00603621 0.00828664 0.0877396 -0.0441504 0.00125 -0.0901304 0.00195582 
-0.135038 -0.0566124 -0.0973586 0.220088 -0.0717887 -0.128572 0.0528292 
-0.00746876 0.127444 -0.115087 -0.080122 -0.0862519 0.0309697 -0.0389694 
-0.418706 -0.0661413 -0.311076 0.528483 -0.187329 -0.219436 0.127555 
-0.0256896 0.0108177 -0.0299237 0.00124696 -0.00618605 0.0234685 -0.0088044 
-0.132846 0.01608 -0.150285 0.126962 -0.0756884 0.0157824 0.0146206 
0.00284135 -0.0531638 -0.0972941 -0.0898135 0.206773 -0.0823042 -0.0207915 
-0.206331 -0.43041 -0.631932 0.374228 0.112937 -1.05789 0.846555 
-0.116947 -0.0490278 -0.084315 0.190602 -0.0621708 -0.111347 0.0457514 
-0.0324612 -0.0214688 -0.0459006 0.0654303 -0.0205544 -0.0318056 0.0111989 
-0.00132047 -0.0138566 -0.0445176 -0.00717115 -0.00751823 -0.0683075 0.0756886 
-0.0480283 -0.0335148 -0.0555771 0.0872059 -0.0119342 -0.0513409 0.0284854 
-0.0290549 0.00370952 0.584108 -0.148096 -0.0142645 -0.492874 -0.0268358 
-0.270614 -0.185204 -0.229802 -0.00775181 0.614836 -0.401559 0.002588 
-0.00993337 -0.0124873 -0.0107649 0.0329267 -0.0206044 -0.0330643 0.0110997 
-0.105782 -0.0822999 -0.187426 0.0645899 -0.146945 -0.54588 0.486255 
0.04141 0.0171708 -0.069978 -0.0504299 -0.0128507 -0.0422113 0.0151209 
0.00067656 -0.00299274 -0.0149613 -0.0130202 0.0205683 -0.00727315 -0.00255116 
-0.0280415 -0.00114923 0.56204 -0.112688 -0.0668378 -0.482443 -0.0140552 
0.10003 -0.00127111 -0.0328151 -0.100387 0.00586658 -0.102808 0.0175999 
-0.00742958 0.0250055 -0.022386 -0.0109747 -0.0179243 0.00678562 -0.00350566 
-0.00439454 0.0117422 -0.0736192 -0.0276599 -0.00540915 0.046933 -0.0327784 
-0.0189143 -0.0142233 -0.0309345 -0.0160584 0.0630356 -0.0360741 -0.00575146 
0.00246068 -0.0460412 -0.0842592 -0.0777808 0.179071 -0.0712775 -0.018006 
