0.124474 0.0592452 0 0.062706 0 0 0 0 0.0974123 0.01967 0.103157 0.0876694 0 0 0 0.106332 
0.0519963 0.192632 0 0.00230774 0.00393979 0.105679 0.0975404 0.143447 0.105387 0.0352109 0.101724 0.00263784 0.015842 0.108537 0.0843251 0 
0.0424548 0.157283 0 0.00188426 0.00321682 0.0862864 0.0796414 0.117124 0.0860482 0.0287495 0.0830574 0.00215379 0.012935 0.0886198 0.0688511 0 
0.0155376 0.109168 0.0472905 0.0627831 0.103021 0.0417397 0.0776039 0.169802 0 0.159009 0 0.036589 0.0988641 0.0929681 0.0279677 0 
0.034687 0.00356288 0.0241444 0.0394831 0.00864321 0.0168309 0.00972545 0.0322746 0.03697 0.00740317 0.0430899 0.0440851 0.00378728 0.0141207 0 0.0298669 
0.0970329 0.0726613 0.00493446 0.0179347 0.00946869 0 0.00596839 0.009617 0.000412115 0.014272 0.0104331 0 0.0608153 0.00633637 0.0565301 0 
0.0149788 0.0395609 0.00930871 0.0440294 0.0445214 0.00421776 0.0265159 0.0630505 0.0074023 0.0639303 0.00479021 0.0154277 0.0380967 0.0324429 0 0.0108814 
0.108733 0.0178295 0 0.112522 0.0045857 0.00104384 0 0.0477949 0.0838795 0.0452105 0.0985733 0.132266 0 0 0 0.105678 
0.0595715 0.0106596 0.0392301 0.0491146 0.00953982 0.0241867 0.022494 0.0412499 0.0393097 0 0.0518323 0.0459485 0.00422597 0.021053 0.0129311 0.0183046 
0.157778 0.106943 0.0071922 0 0 0.0173832 0 0.00757607 0 0 0 0 0.0725742 0 0.124492 0 
0.000663201 0.104232 0.0262014 0.100123 0.135533 0.0106435 0.0739196 0.153849 0.00311715 0.152836 0.00365882 0.0377558 0.0949856 0.0897701 0 0.0217084 
0.100682 0.07705 0 0.0852601 0.0374146 0 0.0182178 0.0421447 0.0427652 0.0663884 0.0543426 0.046937 0.056928 0.025752 0 0.0399058 
0 0.098988 0 0 0 0.102315 0.132178 0.0615846 0.1254 0 0.133962 0 0 0.129781 0.134723 0 
0.0948652 0.0615007 0 0.0533146 0 0.006841 0.00713734 0.0357625 0.0877847 0.012011 0.0938535 0.0525132 0.00751063 0.0167364 0.012688 0.0548087 
0.0384523 0.0129071 0.016003 0.0257879 0 0.0129775 0 0.00841162 0.0336675 0.00719536 0.0360683 0.0538066 0.00357287 0 0 0.043657 
0.0513767 0.0155152 0 0.0443576 0 0 0 0.0110437 0.0409242 0.00649209 0.0471273 0.0463183 0 0 0 0.0360402 
0.0906363 0.0959397 0 0 0.00679212 0.00590129 0.0103328 0.00890274 0 0.0129587 0 0 0.0703527 0.00732654 0.071729 0 
0.113073 0.022337 0 0.0801743 0 0 0 0.0102893 0.0933476 0.0122917 0.105633 0.0875345 0.00135876 0 0 0.0840955 
0 0.0651765 0.125843 0 0.0679985 0.107401 0 0.125072 0 0.117512 0 0.123697 0.0710979 0 0 0.096065 
0.137372 0.0221355 0.0289391 0.0852164 0 0.0168447 0 0.0199491 0.113068 0.00543306 0.16804 0.171199 0 0 0 0.134987 
0.021522 0.00877662 0.0341858 0.00461358 0 0.0364502 0 0.0419164 0.0106933 0.00162586 0.0125118 0.0457082 0 0 0 0.00989681 
0.0595642 0.00568999 0.0388643 0.0472159 0 0.0380499 0 0.065842 0.0476846 0 0.0511317 0.118013 0 0 0 0.0655301 
0 0.0953817 0 0.00292147 0 0.0675545 0.065629 0.0995211 0.076328 0.00744692 0.0817811 0 0 0.0714269 0.0403203 0 
0.204869 0.00846804 0.0653114 0.23855 0.141586 0 0.20053 0 0.282878 0 0.294612 0.0652102 0.0928873 0.226184 0.173455 0.164463 
0.0979238 0.0193444 0 0.069433 0 0 0 0.0089108 0.0808414 0.0106449 0.0914809 0.0758071 0.00117672 0 0 0.0728288 
0.0442557 0.0145896 0.00141023 0.0549039 0 0.00285272 0 0.0318145 0.0453055 0.00850078 0.0524667 0.0484554 0 0 0 0.0315064 
0.0389114 0.00133001 0.0512289 0.0552558 0.0461294 0.00471814 0.0589305 0.0058274 0.0356142 0 0.0465345 0.0204263 0.0455304 0.0492225 0.0539986 0.0254844 
0.0461883 0.0089532 0 0.0581635 0 0 0.00103588 0.0153766 0.0665697 0 0.0722452 0.0452873 0 0.0126016 0 0.0418999 
0.250416 0.236219 0 0 0 0 0 0.017368 0 0 0 0 0.143343 0 0.14306 0 
0.0268331 0.269152 0 0 0 0.193879 0.0979615 0.0818818 0.331036 0 0.319521 0 0 0.128808 0.126229 0.0317245 
0.052795 0.0177463 0 0.0473006 0.00789588 0 0 0 0.0272801 0.0152658 0.0338314 0.0200694 0.00973741 0.00212836 0 0.0223415 
0.169219 0.0326585 0.0992143 0.139176 0.0879632 0.0166632 0.103048 0.0193623 0.0876818 0 0.106711 0.0695952 0.129603 0.0913015 0.140302 0.0943139 
0.0163384 0.0412575 0.0363816 0.0428544 0.0451497 0.0277064 0.0388497 0.067101 0.0203894 0.044987 0.0222133 0.0287969 0.0404136 0.0424912 0.0118506 0.0213314 
0 0.0298101 0.00647199 0.00272863 0.00437837 0.0278825 0.0211704 0.037711 0.0242822 0.00878986 0.0230776 0.00606761 0 0.0257431 0.0158134 0.00213225 
0.263871 0.20893 0 0 0 0 0 0.00731927 0 0.0114413 0 0 0.147907 0 0.12383 0 
0.0459801 0.070684 0.00953423 0.0478843 0.04851 0.0168355 0.0556248 0.0743194 0.00854078 0.0499158 0.0139497 0.000274971 0.059038 0.0525832 0.0316941 0 
0 0.0137941 0.0385156 0 0.0177621 0.0312108 0 0.0286493 6.57412e-05 0.025533 0 0.043608 0.0196346 0 0.00401725 0.0331075 
0.0253538 0.0277215 0.048132 0.0300755 0 0.0422179 0.00482969 0.0980862 0.0113762 0.0206885 0.011959 0.0512128 0 0.0109963 0 0 
0.0132481 0.0611634 0.00172681 0.00336495 0 0.0458998 0.0292169 0.0500439 0.0553469 0.00743232 0.057566 0.0111079 0 0.0337446 0.0356228 0.0139594 
0 0.082603 0 0.00253006 0 0.0585039 0.0568364 0.0861878 0.066102 0.00644922 0.0708245 0 0 0.0618575 0.0349184 0 
